{"cards": [[0.0, 0.484, 0.283, 0.185, 0.0, 0.253, 0.013, 0.484], [0.495, 0.0, 0.856, 0.945, 0.001, 0.923, 0.452, 0.98], [0.697, 0.131, 0.0, 0.473, 0.411, 0.487, 0.066, 0.703], [0.794, 0.043, 0.498, 0.0, 0.494, 0.573, 0.998, 1.0], [1.0, 0.999, 0.569, 0.476, 0.0, 0.46, 0.031, 0.791], [0.713, 0.058, 0.487, 0.402, 0.509, 0.0, 0.138, 0.698], [0.984, 0.499, 0.92, 0.001, 0.965, 0.847, 0.0, 0.524], [0.491, 0.014, 0.276, 0.0, 0.189, 0.286, 0.458, 0.0]], "cards_ties": [[0.0, 0.021, 0.02, 0.021, 0.0, 0.034, 0.003, 0.025], [0.021, 0.0, 0.013, 0.012, 0.0, 0.019, 0.049, 0.006], [0.02, 0.013, 0.0, 0.029, 0.02, 0.026, 0.014, 0.021], [0.021, 0.012, 0.029, 0.0, 0.03, 0.025, 0.001, 0.0], [0.0, 0.0, 0.02, 0.03, 0.0, 0.031, 0.004, 0.02], [0.034, 0.019, 0.026, 0.025, 0.031, 0.0, 0.015, 0.016], [0.003, 0.049, 0.014, 0.001, 0.004, 0.015, 0.0, 0.018], [0.025, 0.006, 0.021, 0.0, 0.02, 0.016, 0.018, 0.0]], "tricks": [[0.0, 0.413, 0.228, 0.115, 0.0, 0.178, 0.004, 0.334], [0.433, 0.0, 0.792, 0.872, 0.021, 0.771, 0.389, 0.966], [0.649, 0.116, 0.0, 0.423, 0.416, 0.413, 0.103, 0.684], [0.78, 0.061, 0.452, 0.0, 0.447, 0.466, 0.932, 0.998], [0.993, 0.944, 0.449, 0.421, 0.0, 0.441, 0.056, 0.775], [0.686, 0.127, 0.402, 0.397, 0.437, 0.0, 0.126, 0.68], [0.976, 0.43, 0.801, 0.027, 0.882, 0.782, 0.0, 0.463], [0.32, 0.004, 0.186, 0.0, 0.106, 0.228, 0.389, 0.0]], "tricks_ties": [[0.0, 0.154, 0.123, 0.105, 0.007, 0.136, 0.02, 0.346], [0.154, 0.0, 0.092, 0.067, 0.035, 0.102, 0.181, 0.03], [0.123, 0.092, 0.0, 0.125, 0.135, 0.185, 0.096, 0.13], [0.105, 0.067, 0.125, 0.0, 0.132, 0.137, 0.041, 0.002], [0.007, 0.035, 0.135, 0.132, 0.0, 0.122, 0.062, 0.119], [0.136, 0.102, 0.185, 0.137, 0.122, 0.0, 0.092, 0.092], [0.02, 0.181, 0.096, 0.041, 0.062, 0.092, 0.0, 0.148], [0.346, 0.03, 0.13, 0.002, 0.119, 0.092, 0.148, 0.0]], "n": 1000}