{"cards": [[0.0, 48.4, 28.3, 18.5, 0.0, 25.3, 1.3, 48.4], [49.5, 0.0, 85.6, 94.5, 0.1, 92.3, 45.2, 98.0], [69.7, 13.1, 0.0, 47.3, 41.1, 48.7, 6.6, 70.3], [79.4, 4.3, 49.8, 0.0, 49.4, 57.3, 99.8, 100.0], [100.0, 99.9, 56.9, 47.6, 0.0, 46.0, 3.1, 79.1], [71.3, 5.8, 48.7, 40.2, 50.9, 0.0, 13.8, 69.8], [98.4, 49.9, 92.0, 0.1, 96.5, 84.7, 0.0, 52.4], [49.1, 1.4, 27.6, 0.0, 18.9, 28.6, 45.8, 0.0]], "cards_ties": [[0.0, 2.1, 2.0, 2.1, 0.0, 3.4, 0.3, 2.5], [2.1, 0.0, 1.3, 1.2, 0.0, 1.9, 4.9, 0.6], [2.0, 1.3, 0.0, 2.9, 2.0, 2.6, 1.4, 2.1], [2.1, 1.2, 2.9, 0.0, 3.0, 2.5, 0.1, 0.0], [0.0, 0.0, 2.0, 3.0, 0.0, 3.1, 0.4, 2.0], [3.4, 1.9, 2.6, 2.5, 3.1, 0.0, 1.5, 1.6], [0.3, 4.9, 1.4, 0.1, 0.4, 1.5, 0.0, 1.8], [2.5, 0.6, 2.1, 0.0, 2.0, 1.6, 1.8, 0.0]], "tricks": [[0.0, 41.3, 22.8, 11.5, 0.0, 17.8, 0.4, 33.4], [43.3, 0.0, 79.2, 87.2, 2.1, 77.1, 38.9, 96.6], [64.9, 11.6, 0.0, 42.3, 41.6, 41.3, 10.3, 68.4], [78.0, 6.1, 45.2, 0.0, 44.7, 46.6, 93.2, 99.8], [99.3, 94.4, 44.9, 42.1, 0.0, 44.1, 5.6, 77.5], [68.6, 12.7, 40.2, 39.7, 43.7, 0.0, 12.6, 68.0], [97.6, 43.0, 80.1, 2.7, 88.2, 78.2, 0.0, 46.3], [32.0, 0.4, 18.6, 0.0, 10.6, 22.8, 38.9, 0.0]], "tricks_ties": [[0.0, 15.4, 12.3, 10.5, 0.7, 13.6, 2.0, 34.6], [15.4, 0.0, 9.2, 6.7, 3.5, 10.2, 18.1, 3.0], [12.3, 9.2, 0.0, 12.5, 13.5, 18.5, 9.6, 13.0], [10.5, 6.7, 12.5, 0.0, 13.2, 13.7, 4.1, 0.2], [0.7, 3.5, 13.5, 13.2, 0.0, 12.2, 6.2, 11.9], [13.6, 10.2, 18.5, 13.7, 12.2, 0.0, 9.2, 9.2], [2.0, 18.1, 9.6, 4.1, 6.2, 9.2, 0.0, 14.8], [34.6, 3.0, 13.0, 0.2, 11.9, 9.2, 14.8, 0.0]], "n": 1000}